ENVI ASCII Plot File [Tue May 11 13:06:01 2021]
Column 1: Wavelength
Column 2: Anabaena~~2##255,0,0
Column 3: Aphanizomenon~~22##0,128,0
Column 4: Cylindrospermum-corrrected~~4##0,0,255
Column 5: Eucapsis~~6##0,255,255
Column 6: Gleocapsa~~7##255,0,255
Column 7: Gleotrichia~~28##128,128,0
Column 8: Lyngbya~~31##0,128,128
Column 9: Merismopedia~~19##128,0,0
Column 10: Microcystis~~3##0,255,0
Column 11: Nostoc~~25##0,0,128
Column 12: Oscillatoria~~11##255,127,80
Column 13: Spirulina~~15##127,255,0
Column 14: Tolypothrix~~13##238,130,238
  401.799988  0.004915  0.001806  0.001247  0.001679  0.001818  0.000694  0.000794  0.004077  0.003784  0.004129  -0.000043  0.002157  0.001566
  404.399994  0.005771  0.002028  0.001432  0.001916  0.002149  0.000781  0.001005  0.004669  0.004301  0.004798  -0.000030  0.002359  0.001772
  407.000000  0.008385  0.002711  0.002004  0.002640  0.003181  0.000998  0.001647  0.006448  0.005855  0.006836   0.000063  0.002880  0.002393
  409.200012  0.009484  0.003015  0.002275  0.002966  0.003671  0.001110  0.001710  0.007563  0.006705  0.007660   0.000202  0.003615  0.002649
  411.799988  0.011999  0.003716  0.002904  0.003721  0.004809  0.001373  0.001789  0.010231  0.008714  0.009535   0.000553  0.005460  0.003235
  414.200012  0.012833  0.003983  0.003158  0.003999  0.005272  0.001402  0.001961  0.011049  0.009457  0.010297   0.000516  0.005821  0.003658
  416.799988  0.014942  0.004672  0.003820  0.004711  0.006474  0.001456  0.002452  0.013091  0.011363  0.012271   0.000366  0.006640  0.004813
  419.399994  0.015498  0.004841  0.003988  0.004752  0.006814  0.001635  0.002584  0.013673  0.011721  0.012598   0.000449  0.007001  0.004976
  422.000000  0.017367  0.005405  0.004550  0.004863  0.007957  0.002264  0.003029  0.015631  0.012894  0.013655   0.000752  0.008237  0.005496
  424.600006  0.018833  0.005595  0.004729  0.005146  0.008375  0.002142  0.003168  0.016323  0.013472  0.014059   0.000762  0.008387  0.005474
  427.214447  0.022111  0.006006  0.005114  0.005789  0.009277  0.001837  0.003468  0.017818  0.014739  0.014929   0.000769  0.008677  0.005401
  429.799988  0.025526  0.006274  0.005375  0.006516  0.009808  0.001982  0.003735  0.019047  0.015667  0.015051   0.000698  0.009247  0.005667
  432.399994  0.031093  0.006707  0.005798  0.007703  0.010663  0.002231  0.004170  0.021044  0.017168  0.015235   0.000581  0.010183  0.006113
  435.000000  0.036618  0.007168  0.006340  0.008833  0.011490  0.002681  0.004584  0.023194  0.018417  0.016351   0.000621  0.010852  0.007178
  437.399994  0.044285  0.007809  0.007095  0.010401  0.012638  0.003308  0.005159  0.026180  0.020149  0.017911   0.000679  0.011779  0.008658
  439.979828  0.049634  0.008381  0.007943  0.011741  0.013520  0.003855  0.006031  0.028557  0.021326  0.019518   0.000788  0.012910  0.009032
  442.399994  0.058652  0.009348  0.009379  0.014004  0.015009  0.004779  0.007507  0.032574  0.023312  0.022236   0.000974  0.014822  0.009658
  445.000000  0.063163  0.010073  0.010675  0.015560  0.016076  0.005626  0.008474  0.036127  0.025017  0.024211   0.001320  0.015796  0.010698
  447.799988  0.070102  0.011195  0.012683  0.017964  0.017728  0.006939  0.009969  0.041631  0.027654  0.027276   0.001856  0.017301  0.012313
  450.365021  0.075049  0.012288  0.014618  0.019745  0.019470  0.008152  0.011552  0.046757  0.029777  0.031490   0.002278  0.019201  0.013740
  452.809448  0.079319  0.013231  0.016287  0.021279  0.020974  0.009195  0.012914  0.051180  0.031612  0.035122   0.002642  0.020842  0.014969
  455.600006  0.086262  0.014428  0.018065  0.023043  0.022834  0.009808  0.014013  0.056836  0.034651  0.037993   0.003188  0.022791  0.016068
  458.200012  0.090608  0.015176  0.019173  0.024151  0.023995  0.010199  0.014709  0.060356  0.036550  0.039789   0.003526  0.024004  0.016756
  460.799988  0.098256  0.016432  0.020819  0.026551  0.025848  0.011746  0.016862  0.065152  0.039520  0.043430   0.003797  0.025694  0.018038
  463.200012  0.101744  0.017007  0.021573  0.027649  0.026698  0.012443  0.017838  0.067360  0.040882  0.045100   0.003922  0.026469  0.018632
  465.799988  0.108449  0.018385  0.023612  0.030037  0.029044  0.012584  0.018933  0.074516  0.044633  0.049395   0.004398  0.028652  0.020947
  468.211517  0.111396  0.018992  0.024511  0.031086  0.030078  0.012656  0.019419  0.077669  0.046279  0.051287   0.004610  0.029608  0.021966
  470.799988  0.116411  0.020140  0.026380  0.032700  0.032149  0.014135  0.020962  0.083845  0.048629  0.054994   0.005227  0.030722  0.023696
  473.370850  0.119359  0.020816  0.027479  0.033649  0.033366  0.014998  0.021870  0.087470  0.050019  0.057168   0.005590  0.031384  0.024702
  475.799988  0.123857  0.021969  0.029159  0.035217  0.035194  0.015189  0.023245  0.092039  0.053206  0.059734   0.006153  0.033321  0.024769
  478.600006  0.126444  0.022640  0.030126  0.036137  0.036249  0.015310  0.024034  0.094657  0.055042  0.061194   0.006478  0.034420  0.024830
  481.200012  0.130882  0.024312  0.031841  0.038974  0.038301  0.016414  0.025216  0.098646  0.058289  0.062603   0.007068  0.035237  0.026596
  483.799988  0.132408  0.024881  0.032415  0.039928  0.038991  0.016779  0.025613  0.100019  0.059388  0.063140   0.007264  0.035526  0.027181
  486.399994  0.139446  0.027205  0.034162  0.043065  0.041252  0.017556  0.026933  0.106465  0.063506  0.068654   0.007809  0.037389  0.028502
  489.000000  0.141279  0.027809  0.034611  0.043881  0.041829  0.017756  0.027280  0.108079  0.064553  0.070042   0.007947  0.037886  0.028848
  491.600006  0.150377  0.030673  0.036416  0.047807  0.043811  0.018577  0.029250  0.111199  0.067835  0.073325   0.008356  0.041251  0.030735
  494.000000  0.152107  0.031220  0.036765  0.048552  0.044189  0.018737  0.029612  0.111811  0.068480  0.073957   0.008445  0.041884  0.031097
  496.399994  0.161256  0.034273  0.039215  0.052349  0.046302  0.020044  0.030073  0.117193  0.074171  0.078110   0.010060  0.044422  0.033328
  499.200012  0.163806  0.035146  0.039932  0.053446  0.046908  0.020413  0.030262  0.118761  0.075787  0.079302   0.010519  0.045137  0.033985
  501.799988  0.169537  0.038051  0.043080  0.057647  0.049029  0.021440  0.033420  0.125317  0.080764  0.083568   0.011941  0.047114  0.037065
  504.348633  0.170901  0.038741  0.043844  0.058643  0.049537  0.021672  0.034192  0.126911  0.081947  0.084601   0.012286  0.047623  0.037806
  506.899811  0.176159  0.041276  0.047385  0.062251  0.051582  0.021987  0.038035  0.134522  0.086342  0.089308   0.013933  0.051387  0.040944
  509.518036  0.177500  0.041948  0.048311  0.063255  0.052096  0.022051  0.039031  0.136299  0.087416  0.090503   0.014368  0.052305  0.041790
  512.200012  0.181140  0.044389  0.051372  0.067997  0.053292  0.021809  0.042114  0.137129  0.089210  0.093592   0.015909  0.053771  0.045196
  514.599976  0.181844  0.044929  0.052003  0.068965  0.053544  0.021770  0.042745  0.137430  0.089653  0.094193   0.016243  0.054108  0.045878
  517.200012  0.184237  0.048737  0.055251  0.073725  0.055033  0.021848  0.045874  0.142634  0.093979  0.096353   0.018410  0.056833  0.048846
  519.599976  0.184673  0.049564  0.055922  0.074704  0.055343  0.021869  0.046530  0.143663  0.094882  0.096826   0.018860  0.057385  0.049463
  522.200012  0.183760  0.054678  0.058597  0.078449  0.056718  0.022183  0.049579  0.145629  0.098871  0.099956   0.020735  0.059109  0.052122
  524.599976  0.183484  0.055995  0.059264  0.079305  0.057060  0.022257  0.050348  0.146074  0.099879  0.100702   0.021212  0.059546  0.052742
  527.200012  0.180398  0.061821  0.061201  0.078122  0.057994  0.022254  0.053017  0.145241  0.103434  0.101213   0.023067  0.061173  0.052516
  529.799988  0.179394  0.063659  0.061785  0.077708  0.058268  0.022239  0.053823  0.144923  0.104522  0.101319   0.023622  0.061641  0.052379
  532.268616  0.175100  0.068816  0.062078  0.074592  0.057999  0.021507  0.054261  0.141326  0.105906  0.098899   0.023623  0.060688  0.048720
  534.877686  0.173567  0.070591  0.062158  0.073659  0.057895  0.021268  0.054384  0.140019  0.106341  0.097958   0.023595  0.060302  0.047417
  537.599976  0.167426  0.075468  0.061660  0.076191  0.057208  0.021108  0.053765  0.134025  0.106081  0.091533   0.022536  0.057198  0.042360
  540.200012  0.165490  0.076928  0.061513  0.076899  0.057019  0.021030  0.053610  0.132383  0.106074  0.089843   0.022258  0.056358  0.040996
  542.599976  0.155602  0.081575  0.061129  0.077004  0.057058  0.019575  0.054351  0.133243  0.108852  0.093763   0.022933  0.057248  0.042573
  545.200012  0.152794  0.082838  0.061008  0.076978  0.057069  0.019193  0.054520  0.133435  0.109595  0.094784   0.023097  0.057503  0.042958
  547.799988  0.139754  0.085781  0.059844  0.074035  0.057089  0.019040  0.053195  0.131508  0.110593  0.094621   0.022436  0.058731  0.041345
  550.400024  0.135274  0.086734  0.059417  0.072988  0.057081  0.018950  0.052732  0.130838  0.110892  0.094555   0.022200  0.059082  0.040772
  553.000000  0.120900  0.087039  0.056774  0.067998  0.056347  0.016869  0.050931  0.128341  0.109814  0.094000   0.021004  0.056839  0.038087
  555.599976  0.116420  0.087083  0.055903  0.066392  0.056094  0.016216  0.050327  0.127530  0.109438  0.093797   0.020619  0.056107  0.037233
  558.000000  0.107635  0.084791  0.051940  0.060845  0.054460  0.014795  0.047107  0.124411  0.106851  0.091961   0.019271  0.053178  0.034759
  560.599976  0.104966  0.084051  0.050692  0.059130  0.053941  0.014383  0.046102  0.123396  0.106051  0.091356   0.018836  0.052271  0.033975
  563.200012  0.100952  0.080580  0.046405  0.055000  0.051930  0.014875  0.043200  0.118156  0.104123  0.087859   0.016813  0.050014  0.031010
  565.799988  0.099536  0.079329  0.044880  0.053482  0.051230  0.015074  0.042158  0.116362  0.103410  0.086693   0.016106  0.049168  0.029967
  568.400024  0.097217  0.076352  0.041975  0.048593  0.050544  0.016382  0.039789  0.115916  0.100936  0.087804   0.015288  0.045773  0.028481
  571.000000  0.096395  0.075345  0.041031  0.046990  0.050305  0.016825  0.039003  0.115764  0.100086  0.088168   0.014991  0.044655  0.027988
  573.599976  0.091158  0.071104  0.038845  0.042738  0.048928  0.018679  0.036433  0.114850  0.095976  0.088919   0.012740  0.041482  0.026322
  576.000000  0.089577  0.069833  0.038196  0.041469  0.048514  0.019242  0.035653  0.114586  0.094772  0.089120   0.012088  0.040543  0.025821
  578.599976  0.084248  0.066106  0.036638  0.038004  0.047181  0.021461  0.032705  0.114449  0.093041  0.088165   0.011591  0.038496  0.024203
  581.200012  0.082171  0.064636  0.036018  0.036648  0.046647  0.022322  0.031554  0.114348  0.092316  0.087772   0.011389  0.037691  0.023572
  583.599976  0.078869  0.060953  0.034053  0.033982  0.044759  0.023340  0.029606  0.110500  0.087130  0.085604   0.010355  0.035805  0.022529
  586.200012  0.077184  0.059072  0.033046  0.032623  0.043792  0.023845  0.028602  0.108518  0.084498  0.084467   0.009824  0.034837  0.022003
  588.799988  0.074487  0.056016  0.031231  0.030624  0.042032  0.023406  0.026132  0.104346  0.082170  0.080252   0.008713  0.032854  0.021681
  591.388245  0.072914  0.054243  0.030177  0.029448  0.041014  0.023135  0.024710  0.101916  0.080821  0.077799   0.008071  0.031699  0.021486
  594.000000  0.070377  0.052036  0.028918  0.026725  0.039971  0.021809  0.023906  0.098432  0.079027  0.074689   0.007465  0.030001  0.020517
  596.599976  0.068781  0.050648  0.028129  0.025005  0.039318  0.020978  0.023402  0.096235  0.077891  0.072735   0.007085  0.028931  0.019908
  599.000000  0.066171  0.048318  0.026960  0.021923  0.038341  0.020086  0.022347  0.092231  0.075544  0.069567   0.006423  0.026996  0.019073
  601.599976  0.064181  0.046537  0.026066  0.019597  0.037594  0.019400  0.021538  0.089161  0.073752  0.067145   0.005924  0.025510  0.018427
  604.200012  0.062031  0.044259  0.024944  0.019710  0.036532  0.017872  0.020216  0.084394  0.071874  0.064066   0.005969  0.022876  0.016743
  606.799988  0.060222  0.042336  0.023997  0.019817  0.035635  0.016585  0.019101  0.080373  0.070284  0.061476   0.006006  0.020667  0.015333
  609.200012  0.058975  0.040479  0.023146  0.019330  0.034711  0.016432  0.018222  0.077495  0.067559  0.060383   0.005323  0.021231  0.016495
  611.799988  0.057588  0.038402  0.022196  0.018782  0.033677  0.016264  0.017240  0.074275  0.064509  0.059166   0.004557  0.021874  0.017806
  614.329773  0.057511  0.036927  0.021532  0.018465  0.032749  0.015474  0.016678  0.071130  0.063205  0.057802   0.004549  0.021206  0.017730
  616.799988  0.057421  0.034800  0.020576  0.018010  0.031408  0.014327  0.015871  0.066584  0.061335  0.055821   0.004546  0.020227  0.017602
  619.493286  0.058307  0.033671  0.020122  0.018155  0.030648  0.014195  0.015629  0.064467  0.059627  0.054039   0.004468  0.020359  0.017292
  622.136414  0.059675  0.031971  0.019440  0.018389  0.029500  0.014012  0.015270  0.061291  0.057035  0.051334   0.004347  0.020576  0.016821
  624.711853  0.060539  0.031292  0.019322  0.018911  0.029119  0.014004  0.015117  0.060768  0.056627  0.050785   0.003987  0.020286  0.017307
  627.200012  0.061973  0.030178  0.019137  0.019788  0.028496  0.013996  0.014866  0.059947  0.055986  0.049911   0.003383  0.019793  0.018137
  629.599976  0.062372  0.029906  0.019237  0.020183  0.028342  0.014108  0.014677  0.059882  0.055168  0.050122   0.003377  0.020036  0.018143
  632.200012  0.063588  0.029078  0.019559  0.021408  0.027873  0.014463  0.014088  0.059703  0.052593  0.050819   0.003376  0.020824  0.018133
  634.703186  0.063189  0.028958  0.019652  0.021772  0.027683  0.014601  0.014164  0.059795  0.052181  0.050667   0.003528  0.021000  0.018266
  637.200012  0.061291  0.028450  0.020063  0.023372  0.026838  0.015214  0.014544  0.060222  0.050435  0.049933   0.004226  0.021764  0.018876
  639.799988  0.060360  0.028439  0.020124  0.023548  0.026718  0.015286  0.014759  0.060223  0.050395  0.049790   0.004215  0.021801  0.018886
  642.241150  0.054417  0.028436  0.020472  0.024511  0.026026  0.015682  0.016135  0.060175  0.050354  0.048934   0.004049  0.021948  0.018872
  645.000000  0.053200  0.028294  0.020387  0.024406  0.025811  0.015498  0.016198  0.059997  0.049715  0.048452   0.004043  0.022116  0.018932
  647.599976  0.046651  0.027409  0.019789  0.023565  0.024582  0.014274  0.016341  0.058886  0.045719  0.045581   0.004039  0.023139  0.019313
  650.000000  0.045929  0.027160  0.019600  0.023328  0.024349  0.014106  0.016213  0.058369  0.045280  0.044919   0.004062  0.023165  0.019170
  652.599976  0.040547  0.024776  0.017755  0.021068  0.022262  0.012736  0.014756  0.053142  0.042013  0.038778   0.004310  0.023052  0.017457
  655.200012  0.039973  0.024450  0.017503  0.020781  0.022029  0.012482  0.014525  0.052549  0.041604  0.038091   0.004258  0.022818  0.017298
  657.799988  0.035812  0.021708  0.015394  0.018461  0.020276  0.010086  0.012467  0.048064  0.038323  0.032943   0.003487  0.019984  0.016256
  660.200012  0.035538  0.021474  0.015219  0.018276  0.020139  0.009937  0.012358  0.047621  0.038053  0.032567   0.003443  0.019803  0.016105
  662.799988  0.033830  0.019172  0.013555  0.016604  0.018957  0.009155  0.012083  0.042519  0.035522  0.029619   0.003268  0.018750  0.013865
  665.206604  0.033822  0.018941  0.013385  0.016468  0.018828  0.009071  0.012035  0.041942  0.035251  0.029260   0.003236  0.018632  0.013648
  667.799988  0.037398  0.017456  0.012220  0.016305  0.017798  0.008395  0.011272  0.036831  0.033129  0.025576   0.002734  0.017611  0.012469
  670.400024  0.038127  0.017264  0.012066  0.016377  0.017643  0.008305  0.011165  0.036188  0.032830  0.025126   0.002671  0.017470  0.012328
  673.200012  0.045928  0.016887  0.011673  0.018719  0.016828  0.008048  0.010741  0.035321  0.031641  0.024846   0.002586  0.016955  0.012312
  675.799988  0.047188  0.016901  0.011670  0.019174  0.016715  0.008066  0.010752  0.035229  0.031505  0.024813   0.002609  0.016933  0.012375
  678.400024  0.054479  0.018531  0.012909  0.023409  0.016430  0.009369  0.012465  0.035664  0.031865  0.024854   0.003511  0.018058  0.014084
  680.907043  0.055427  0.018798  0.013117  0.024005  0.016389  0.009560  0.012698  0.035760  0.031912  0.024912   0.003633  0.018220  0.014392
  683.400024  0.059419  0.022284  0.016025  0.028469  0.016060  0.011254  0.014143  0.037817  0.032105  0.027395   0.004360  0.019575  0.019334
  685.799988  0.060015  0.022830  0.016481  0.029150  0.016005  0.011530  0.014362  0.038137  0.032117  0.027759   0.004480  0.019779  0.020115
  688.400024  0.061256  0.026224  0.019329  0.031824  0.015374  0.014151  0.015127  0.039868  0.030720  0.027937   0.005684  0.020322  0.025505
  690.799988  0.061652  0.027323  0.020251  0.032685  0.015169  0.015000  0.015377  0.040412  0.030266  0.027999   0.006073  0.020496  0.027254
  693.400024  0.061628  0.029395  0.021879  0.033642  0.014624  0.016552  0.016265  0.039232  0.029332  0.028813   0.006731  0.020597  0.031022
  696.127869  0.061597  0.030571  0.022805  0.034183  0.014312  0.017441  0.016767  0.038551  0.028796  0.029266   0.007105  0.020664  0.033165
  698.799988  0.059905  0.031406  0.023673  0.034460  0.013893  0.018916  0.016868  0.037297  0.027810  0.028534   0.007409  0.021817  0.034995
  701.400024  0.059023  0.031818  0.024111  0.034590  0.013681  0.019663  0.016925  0.036678  0.027307  0.028167   0.007563  0.022388  0.035925
  704.000000  0.056389  0.031606  0.024478  0.034039  0.013429  0.020434  0.017537  0.037210  0.026535  0.028237   0.007817  0.021893  0.037256
  706.799988  0.054291  0.031424  0.024756  0.033584  0.013228  0.021026  0.018011  0.037604  0.025917  0.028283   0.008021  0.021496  0.038275
  709.400024  0.050455  0.030462  0.024415  0.031815  0.012765  0.020936  0.018042  0.036252  0.024461  0.027650   0.008538  0.020870  0.037749
  711.799988  0.048196  0.029898  0.024200  0.030767  0.012489  0.020862  0.018052  0.035450  0.023599  0.027258   0.008826  0.020504  0.037416
  714.000000  0.045735  0.029397  0.023535  0.029459  0.012061  0.020138  0.017844  0.034536  0.022567  0.026265   0.008537  0.020189  0.036446
  716.226685  0.041313  0.028502  0.022323  0.027099  0.011286  0.018811  0.017458  0.032889  0.020712  0.024456   0.007995  0.019626  0.034681
  718.799988  0.040162  0.028254  0.021863  0.026324  0.011024  0.018387  0.017075  0.032281  0.020488  0.023800   0.007952  0.019457  0.034260
  721.400024  0.035191  0.027170  0.019752  0.022841  0.009844  0.016489  0.015181  0.029496  0.019737  0.020811   0.007851  0.018707  0.032469
  724.200012  0.034649  0.026877  0.019320  0.022287  0.009598  0.016156  0.015034  0.028709  0.019455  0.020282   0.007788  0.018154  0.031988
  726.799988  0.032283  0.025417  0.017227  0.019693  0.008400  0.014571  0.014457  0.024772  0.018016  0.017757   0.007461  0.015247  0.029592
  729.400024  0.032165  0.025154  0.017003  0.019506  0.008266  0.014515  0.014232  0.024190  0.017740  0.017460   0.007342  0.014543  0.029340
  732.000000  0.031649  0.023459  0.015681  0.018515  0.007463  0.014334  0.012685  0.020540  0.015948  0.015669   0.006529  0.009861  0.027853
  734.400024  0.031642  0.023353  0.015629  0.018476  0.007427  0.014274  0.012642  0.020392  0.015928  0.015637   0.006501  0.009642  0.027755
  736.874390  0.031709  0.021795  0.015070  0.018056  0.006996  0.013071  0.012370  0.018761  0.016243  0.015697   0.006235  0.006927  0.026280
  739.400024  0.031726  0.021673  0.015031  0.018027  0.006963  0.012974  0.012337  0.018662  0.016236  0.015667   0.006197  0.006865  0.026195
  742.000000  0.032099  0.020582  0.014787  0.017833  0.006689  0.012063  0.011840  0.018327  0.015572  0.014756   0.005536  0.009167  0.026022
  744.496765  0.032139  0.020463  0.014763  0.017809  0.006661  0.011985  0.011793  0.018296  0.015476  0.014679   0.005492  0.009438  0.025989
  747.181274  0.032385  0.019634  0.014690  0.017524  0.006531  0.012227  0.011720  0.018300  0.013907  0.015002   0.006283  0.012120  0.025212
  749.769775  0.032417  0.019491  0.014677  0.017476  0.006508  0.012267  0.011716  0.018301  0.013653  0.015058   0.006402  0.012565  0.025066
  752.200012  0.031971  0.018623  0.014552  0.017271  0.006373  0.012430  0.012254  0.018318  0.013213  0.015373   0.006033  0.014086  0.023505
  755.200012  0.031846  0.018410  0.014522  0.017223  0.006339  0.012481  0.012359  0.018306  0.013113  0.015442   0.005958  0.014374  0.023153
  757.702148  0.030714  0.017444  0.014404  0.017099  0.006191  0.013119  0.011892  0.017682  0.012962  0.015450   0.006199  0.012647  0.022691
  760.400024  0.030523  0.017284  0.014385  0.017078  0.006167  0.013208  0.011825  0.017588  0.012932  0.015443   0.006230  0.012366  0.022608
  762.947205  0.029198  0.016415  0.014262  0.016937  0.006075  0.012317  0.012270  0.017814  0.012413  0.014701   0.005709  0.011180  0.021644
  764.907593  0.028874  0.016202  0.014232  0.016902  0.006053  0.012099  0.012378  0.017869  0.012286  0.014520   0.005581  0.010891  0.021409
  767.599976  0.027928  0.015805  0.014150  0.016655  0.006031  0.011799  0.011909  0.017823  0.011774  0.013922   0.005495  0.010633  0.021277
  770.200012  0.026806  0.015334  0.014051  0.016360  0.006005  0.011444  0.011355  0.017767  0.011167  0.013215   0.005394  0.010327  0.021121
  772.789917  0.026077  0.015166  0.013914  0.015914  0.005948  0.011412  0.011611  0.017414  0.010908  0.013053   0.005426  0.010038  0.020866
  775.400024  0.024719  0.014854  0.013656  0.015080  0.005842  0.011355  0.012093  0.016755  0.010429  0.012753   0.005487  0.009498  0.020390
  778.000000  0.024135  0.014754  0.013379  0.014658  0.005699  0.011324  0.011667  0.016601  0.010365  0.012375   0.005459  0.009462  0.020553
  780.599976  0.022858  0.014535  0.012767  0.013734  0.005380  0.011255  0.010703  0.016272  0.010232  0.011538   0.005393  0.009393  0.020925
  783.000000  0.022643  0.014445  0.012595  0.013537  0.005289  0.011079  0.010632  0.015872  0.010279  0.011373   0.005201  0.009329  0.020625
  785.599976  0.021660  0.014024  0.011796  0.012629  0.004866  0.010239  0.010325  0.013971  0.010506  0.010611   0.004288  0.009024  0.019176
  788.200012  0.021548  0.013922  0.011684  0.012526  0.004808  0.010087  0.010227  0.013781  0.010356  0.010460   0.004240  0.008891  0.018898
  790.599976  0.020877  0.013273  0.011000  0.011914  0.004454  0.009132  0.009590  0.012664  0.009322  0.009505   0.004000  0.008017  0.017150
  793.200012  0.020896  0.013210  0.010954  0.011872  0.004430  0.009075  0.009527  0.012606  0.009287  0.009433   0.003978  0.007981  0.017055
  795.799988  0.021587  0.012447  0.010496  0.011445  0.004176  0.008563  0.008761  0.012175  0.009197  0.008667   0.003722  0.007807  0.016283
  798.400024  0.021591  0.012391  0.010465  0.011411  0.004159  0.008566  0.008719  0.012141  0.009159  0.008640   0.003705  0.007777  0.016241
  801.200012  0.020860  0.011732  0.010167  0.010987  0.003979  0.009256  0.008456  0.011707  0.008204  0.008811   0.003528  0.007168  0.015976
  804.000000  0.000000  0.000000  0.000000  0.000000  0.000000  0.000000  0.000000  0.000000  0.000000  0.000000   0.000000  0.000000  0.000000
